% cantenna angular
[-30 -32 -36 -40 -46 -54 -52 -52 -54 -52 -52 -53 -54 -49 -47 -39 -33 -32 ] 			
[6600 5200 5400 5700 6000 6800 8000 9600 8200 9500 9600 990010100 9900 10100 9800 7300 6800]

% prof cantenna angular						
[-37 -39 -42 -43 -48 -52 -51 -53 -55 -48 -51 -55 -53 -48 -42 -39 -37 -36]	
[6600 5200 5400 5700 6000 6800 8000 9600 8200 9500 9600 9900 10100 9900 10100 9800 7300 6800]

% omni angular
[-36 -42 -44 -44 -43 -42 -38 -40 -42 -46 -37 -39 -42 -42 -42 -42 -41 -42 ]
[6400 6300 6100 6200 7300 7300 7600 7400 7400 7100 7300 6700 7300 6500 6900 5900 2400 3100]

%cantenna

[1 10 20 40 60 80 100]
[-4 -16 -25 -27 -32 -37 -42]
[520 5649 5024 5194 6386 5933 6]300

%prof cantenna

[1 10 20 40 60 80 100]
[-4 -20 -33 -28 -30 -36 -40]
[389 8500 8400 9300 8200 79007800]

%onmi cantenna
[1 10 20 40 60 80 100]
[-4 -22 -24 -27 -25 -37 -39]
[2700 6400 5900 6100 5600 5800 5200]
